449,500





3,260,000

936,000






20,000


1,700,000





6,400


840,000


0


1,060,000


0


120,000


0

1,136,000
1,394,000


1,136,000





7,200,000

840,000



1,840,000





3,800,000






1,490,000
1,734,000




0





6,400,000
20,000
26,800



34,000

240,000



2,600,000

214,000



814,000





3,000,000





2,348,800



17,340,000


1,394,000
1,136,000
10,858,000





40,245,000




8,900
44,700





188,000





420,000



24,000

124,000










936,000



936,000
26,800

26,800



454,000

454,000




674,000



674,000
8,900



8,900


24,000



24,000
360,000

360,000




240,000



240,000


840,000


840,000
6,933,700
6,933,700
17,340,000
17,340,000
19,400,800
19,400,800
4,600,000